epoch:0 0.7771  0.9937  0.9254  -1.0000  -1.0000  0.7771  0.7667  0.8111  0.8111  -1.0000  -1.0000  0.8111  0.1638  0.010000
epoch:1 0.8069  1.0000  0.9882  -1.0000  -1.0000  0.8069  0.7833  0.8556  0.8556  -1.0000  -1.0000  0.8556  0.0552  0.010000
epoch:2 0.8772  1.0000  0.9831  -1.0000  -1.0000  0.8772  0.8389  0.9167  0.9167  -1.0000  -1.0000  0.9167  0.0420  0.010000
epoch:3 0.9204  1.0000  1.0000  -1.0000  -1.0000  0.9204  0.9000  0.9444  0.9444  -1.0000  -1.0000  0.9444  0.0304  0.003300
epoch:4 0.9378  1.0000  1.0000  -1.0000  -1.0000  0.9378  0.9056  0.9556  0.9556  -1.0000  -1.0000  0.9556  0.0277  0.003300
epoch:5 0.9219  1.0000  1.0000  -1.0000  -1.0000  0.9219  0.8944  0.9389  0.9389  -1.0000  -1.0000  0.9389  0.0253  0.003300
epoch:6 0.9413  1.0000  1.0000  -1.0000  -1.0000  0.9413  0.9056  0.9611  0.9611  -1.0000  -1.0000  0.9611  0.0215  0.001089
epoch:7 0.9455  1.0000  1.0000  -1.0000  -1.0000  0.9455  0.9111  0.9611  0.9611  -1.0000  -1.0000  0.9611  0.0207  0.001089
epoch:8 0.9521  1.0000  1.0000  -1.0000  -1.0000  0.9521  0.9111  0.9667  0.9667  -1.0000  -1.0000  0.9667  0.0200  0.001089
epoch:9 0.9462  1.0000  1.0000  -1.0000  -1.0000  0.9462  0.9111  0.9611  0.9611  -1.0000  -1.0000  0.9611  0.0190  0.000359
epoch:10 0.9508  1.0000  1.0000  -1.0000  -1.0000  0.9508  0.9111  0.9667  0.9667  -1.0000  -1.0000  0.9667  0.0183  0.000359
epoch:11 0.9318  1.0000  1.0000  -1.0000  -1.0000  0.9318  0.9000  0.9500  0.9500  -1.0000  -1.0000  0.9500  0.0182  0.000359
epoch:12 0.9455  1.0000  1.0000  -1.0000  -1.0000  0.9455  0.9056  0.9611  0.9611  -1.0000  -1.0000  0.9611  0.0180  0.000119
epoch:13 0.9440  1.0000  1.0000  -1.0000  -1.0000  0.9440  0.9056  0.9611  0.9611  -1.0000  -1.0000  0.9611  0.0178  0.000119
epoch:14 0.9458  1.0000  1.0000  -1.0000  -1.0000  0.9458  0.9056  0.9611  0.9611  -1.0000  -1.0000  0.9611  0.0176  0.000119
